危急关头 1 1 6.49185309633
励志 1 1 6.49185309633
奥迪 6 1 6.49185309633
编译 1 1 6.49185309633
第五 1 1 6.49185309633
难享 1 1 6.49185309633
少数几个 1 1 6.49185309633
吸纳 1 1 6.49185309633
俗话 1 1 6.49185309633
热气腾腾 1 1 6.49185309633
游乐园 1 1 6.49185309633
委员 2 1 6.49185309633
铅锡 1 1 6.49185309633
unanswered 1 1 6.49185309633
蚁鼻钱 1 1 6.49185309633
难事 1 1 6.49185309633
吸 1 1 6.49185309633
有句 1 1 6.49185309633
串联 1 1 6.49185309633
关系暧昧 1 1 6.49185309633
地挤 1 1 6.49185309633
这年头 1 1 6.49185309633
困境 1 1 6.49185309633
须知 1 1 6.49185309633
升起 3 1 6.49185309633
邮差 4 1 6.49185309633
应付 1 1 6.49185309633
承包商 1 1 6.49185309633
西藏 1 1 6.49185309633
线上 1 1 6.49185309633
副校长 2 1 6.49185309633
公费 1 1 6.49185309633
朴若木 1 1 6.49185309633
Conventional 1 1 6.49185309633
托福 4 1 6.49185309633
妓女 1 1 6.49185309633
成都军区 3 1 6.49185309633
经济损失 1 1 6.49185309633
宋一欣 6 1 6.49185309633
274 1 1 6.49185309633
无头 1 1 6.49185309633
审核 1 1 6.49185309633
十几遍 1 1 6.49185309633
规范化 1 1 6.49185309633
传闻中 1 1 6.49185309633
精神病人 1 1 6.49185309633
稍大 1 1 6.49185309633
低着头 1 1 6.49185309633
差异化 1 1 6.49185309633
展翅 1 1 6.49185309633
军装 2 1 6.49185309633
第九 1 1 6.49185309633
翻译 10 1 6.49185309633
之旅 1 1 6.49185309633
无奈 1 1 6.49185309633
3DMax 1 1 6.49185309633
1906.0936 1 1 6.49185309633
美因茨 1 1 6.49185309633
军裤 1 1 6.49185309633
孽 1 1 6.49185309633
困难户 1 1 6.49185309633
加以 1 1 6.49185309633
佛教 1 1 6.49185309633
索尼 1 1 6.49185309633
年均 1 1 6.49185309633
职能 3 1 6.49185309633
顺利完成 1 1 6.49185309633
操刀 1 1 6.49185309633
卢克索 1 1 6.49185309633
中转 1 1 6.49185309633
低工资 1 1 6.49185309633
3515 2 1 6.49185309633
以新 1 1 6.49185309633
范柳原 2 1 6.49185309633
模拟系统 1 1 6.49185309633
后排 4 1 6.49185309633
日子 1 1 6.49185309633
大力加强 1 1 6.49185309633
修复 1 1 6.49185309633
秋日 1 1 6.49185309633
绳子 3 1 6.49185309633
占据 2 1 6.49185309633
看中 1 1 6.49185309633
99 1 1 6.49185309633
亲情 1 1 6.49185309633
快乐 1 1 6.49185309633
遮障 1 1 6.49185309633
93 2 1 6.49185309633
92 1 1 6.49185309633
为佳 1 1 6.49185309633
诉讼法 1 1 6.49185309633
奥运会 3 1 6.49185309633
但瑞虎 1 1 6.49185309633
非分之想 1 1 6.49185309633
铺开 1 1 6.49185309633
思路清晰 1 1 6.49185309633
同江 1 1 6.49185309633
整条 1 1 6.49185309633
节 1 1 6.49185309633
利雅得 1 1 6.49185309633
受限 1 1 6.49185309633
超一流 1 1 6.49185309633
二十位 1 1 6.49185309633
日寇 1 1 6.49185309633
machine 1 1 6.49185309633
有四人 1 1 6.49185309633
球场 1 1 6.49185309633
曼谷 1 1 6.49185309633
WPP 1 1 6.49185309633
克 1 1 6.49185309633
球馆 1 1 6.49185309633
坏 1 1 6.49185309633
弟子 1 1 6.49185309633
上班 1 1 6.49185309633
明孝陵 1 1 6.49185309633
销售收入 1 1 6.49185309633
各给 1 1 6.49185309633
未上市 1 1 6.49185309633
总政治部 1 1 6.49185309633
经济型 2 1 6.49185309633
借此 1 1 6.49185309633
多用 1 1 6.49185309633
一群 1 1 6.49185309633
万公里 3 1 6.49185309633
小肇 2 1 6.49185309633
参考书 7 1 6.49185309633
有别 1 1 6.49185309633
投篮不中 1 1 6.49185309633
漫游 2 1 6.49185309633
昌盛 1 1 6.49185309633
目光 1 1 6.49185309633
温泉 1 1 6.49185309633
但前 1 1 6.49185309633
牵挂 1 1 6.49185309633
谋求 1 1 6.49185309633
工业生产 1 1 6.49185309633
典籍 1 1 6.49185309633
公司总裁 1 1 6.49185309633
只言片语 2 1 6.49185309633
xc 3 1 6.49185309633
后悔 1 1 6.49185309633
联手 1 1 6.49185309633
诈骗罪 2 1 6.49185309633
摄 3 1 6.49185309633
摸索 1 1 6.49185309633
改造 1 1 6.49185309633
意大利杯 1 1 6.49185309633
农历 1 1 6.49185309633
率领 1 1 6.49185309633
朱砂 1 1 6.49185309633
强奸 1 1 6.49185309633
法学 1 1 6.49185309633
悲凉 1 1 6.49185309633
臭 1 1 6.49185309633
贝币 2 1 6.49185309633
定制 1 1 6.49185309633
路平 3 1 6.49185309633
消费群 1 1 6.49185309633
北京第二外国语学院 2 1 6.49185309633
麻痹 1 1 6.49185309633
短途 1 1 6.49185309633
右掌 1 1 6.49185309633
三层 1 1 6.49185309633
不领情 1 1 6.49185309633
远舰 1 1 6.49185309633
连线 1 1 6.49185309633
军民共建点 2 1 6.49185309633
侦察 1 1 6.49185309633
官凯文 1 1 6.49185309633
前速 2 1 6.49185309633
视而不见 1 1 6.49185309633
开心 1 1 6.49185309633
懂 1 1 6.49185309633
成都 1 1 6.49185309633
陪衬 1 1 6.49185309633
江 1 1 6.49185309633
光顾 1 1 6.49185309633
专家建议 1 1 6.49185309633
热播 1 1 6.49185309633
宣统 1 1 6.49185309633
驻 3 1 6.49185309633
钱德勒 1 1 6.49185309633
临睡 1 1 6.49185309633
致命伤 1 1 6.49185309633
车殿 1 1 6.49185309633
发掘出来 1 1 6.49185309633
小肇在 1 1 6.49185309633
反舰导弹 5 1 6.49185309633
医疗机构 1 1 6.49185309633
175 1 1 6.49185309633
硅谷动力 1 1 6.49185309633
舞台 1 1 6.49185309633
日益完善 1 1 6.49185309633
巴菲 1 1 6.49185309633
依人 1 1 6.49185309633
或称 1 1 6.49185309633
澳 4 1 6.49185309633
北京航空航天大学 1 1 6.49185309633
棋力 1 1 6.49185309633
三轮车 1 1 6.49185309633
飞 1 1 6.49185309633
体长 1 1 6.49185309633
辅导材料 1 1 6.49185309633
山西大同 1 1 6.49185309633
段永基 2 1 6.49185309633
右手 1 1 6.49185309633
张嘴 1 1 6.49185309633
开幕 1 1 6.49185309633
老虎 2 1 6.49185309633
普 1 1 6.49185309633
播出 1 1 6.49185309633
咽喉 1 1 6.49185309633
村野 1 1 6.49185309633
着陆 3 1 6.49185309633
撰写 1 1 6.49185309633
亲戚 1 1 6.49185309633
行驶 3 1 6.49185309633
铁力 1 1 6.49185309633
陆风 4 1 6.49185309633
赢球 1 1 6.49185309633
2.74 1 1 6.49185309633
从总体上 1 1 6.49185309633
适用房 1 1 6.49185309633
处方 1 1 6.49185309633
Sviaz 1 1 6.49185309633
八卷 1 1 6.49185309633
暂难 1 1 6.49185309633
试翼 1 1 6.49185309633
群中 1 1 6.49185309633
断球 1 1 6.49185309633
乔丹 6 1 6.49185309633
名人战 1 1 6.49185309633
会员中心 1 1 6.49185309633
中越 1 1 6.49185309633
纯熟 1 1 6.49185309633
古典 1 1 6.49185309633
老同志 1 1 6.49185309633
失掉 1 1 6.49185309633
事儿 1 1 6.49185309633
当日 1 1 6.49185309633
马龙 4 1 6.49185309633
夜宿 1 1 6.49185309633
Kingston 1 1 6.49185309633
外地人 1 1 6.49185309633
将车 1 1 6.49185309633
聚乙烯 1 1 6.49185309633
媒介 3 1 6.49185309633
华晨 1 1 6.49185309633
110min 1 1 6.49185309633
农民收入 1 1 6.49185309633
可回收 1 1 6.49185309633
赌注 1 1 6.49185309633
oldings 1 1 6.49185309633
直毅 2 1 6.49185309633
洗手间 1 1 6.49185309633
台词 1 1 6.49185309633
座 1 1 6.49185309633
百科 1 1 6.49185309633
当成 1 1 6.49185309633
周刊 1 1 6.49185309633
大方向 1 1 6.49185309633
奋战 1 1 6.49185309633
离谱 1 1 6.49185309633
购销 2 1 6.49185309633
红眼病 1 1 6.49185309633
日常 1 1 6.49185309633
混乱 1 1 6.49185309633
恢复正常 1 1 6.49185309633
七成 1 1 6.49185309633
卖出 1 1 6.49185309633
爱着 1 1 6.49185309633
炒作 2 1 6.49185309633
精确化 1 1 6.49185309633
太和 6 1 6.49185309633
齐齐哈尔 1 1 6.49185309633
军事力量 1 1 6.49185309633
多点 1 1 6.49185309633
日韩剧 1 1 6.49185309633
百万元 1 1 6.49185309633
通宵 1 1 6.49185309633
世世代代 1 1 6.49185309633
关节 1 1 6.49185309633
功底 1 1 6.49185309633
镇定 1 1 6.49185309633
维华 1 1 6.49185309633
精听 1 1 6.49185309633
衬盘 1 1 6.49185309633
二中院 1 1 6.49185309633
吸烟率 3 1 6.49185309633
机型 2 1 6.49185309633
基准 1 1 6.49185309633
豪华轿车 1 1 6.49185309633
打压 2 1 6.49185309633
Vodafone 1 1 6.49185309633
地质 1 1 6.49185309633
］ 6 1 6.49185309633
侵占 1 1 6.49185309633
少爷 1 1 6.49185309633
超越 1 1 6.49185309633
股票 1 1 6.49185309633
非常高兴 1 1 6.49185309633
天价 3 1 6.49185309633
冰川 1 1 6.49185309633
路平要 1 1 6.49185309633
国防生 1 1 6.49185309633
搜狐网 1 1 6.49185309633
篮板球 1 1 6.49185309633
记号 1 1 6.49185309633
不值一提 1 1 6.49185309633
多万英镑 1 1 6.49185309633
运管局 2 1 6.49185309633
风尚 2 1 6.49185309633
做做 1 1 6.49185309633
之急 1 1 6.49185309633
动能 1 1 6.49185309633
节日期间 1 1 6.49185309633
白流苏 4 1 6.49185309633
寂寞 1 1 6.49185309633
李英辉 1 1 6.49185309633
3.83 2 1 6.49185309633
睡诀 1 1 6.49185309633
上岸 1 1 6.49185309633
节节 1 1 6.49185309633
弘扬 1 1 6.49185309633
出手 1 1 6.49185309633
筹码 1 1 6.49185309633
万余名 1 1 6.49185309633
发送 1 1 6.49185309633
辟谣 1 1 6.49185309633
life 1 1 6.49185309633
机器 1 1 6.49185309633
占来 1 1 6.49185309633
9500 1 1 6.49185309633
复旦大学 1 1 6.49185309633
机械化 3 1 6.49185309633
小型车 2 1 6.49185309633
船舰 1 1 6.49185309633
另据 2 1 6.49185309633
退烧 1 1 6.49185309633
冰山 6 1 6.49185309633
知根知底 1 1 6.49185309633
之恋 3 1 6.49185309633
职业院校 3 1 6.49185309633
战败 1 1 6.49185309633
厅房 1 1 6.49185309633
出战 1 1 6.49185309633
新进展 1 1 6.49185309633
军事演习 2 1 6.49185309633
考量 1 1 6.49185309633
鱼龙混杂 1 1 6.49185309633
原题 1 1 6.49185309633
石器时代 1 1 6.49185309633
消化 4 1 6.49185309633
微分 1 1 6.49185309633
079 1 1 6.49185309633
打动 1 1 6.49185309633
炖菜 1 1 6.49185309633
忙不过来 1 1 6.49185309633
平常 1 1 6.49185309633
配送 1 1 6.49185309633
怨毒 1 1 6.49185309633
增至 1 1 6.49185309633
黑龙江日报 1 1 6.49185309633
热成像仪 1 1 6.49185309633
中说 1 1 6.49185309633
亲 2 1 6.49185309633
办事处 1 1 6.49185309633
节油 3 1 6.49185309633
早点 1 1 6.49185309633
漏训 1 1 6.49185309633
谢谢 1 1 6.49185309633
降 1 1 6.49185309633
5.78 1 1 6.49185309633
空缺 2 1 6.49185309633
仍能 1 1 6.49185309633
价格不菲 1 1 6.49185309633
策略 1 1 6.49185309633
平平 1 1 6.49185309633
academic 2 1 6.49185309633
消除 2 1 6.49185309633
收受 1 1 6.49185309633
挑选 1 1 6.49185309633
四姐妹 1 1 6.49185309633
正宗 2 1 6.49185309633
夜幕 1 1 6.49185309633
我建 1 1 6.49185309633
后撤 1 1 6.49185309633
分额 1 1 6.49185309633
担负 1 1 6.49185309633
些 1 1 6.49185309633
身材矮小 1 1 6.49185309633
软件系统 1 1 6.49185309633
东海 1 1 6.49185309633
字面 1 1 6.49185309633
Ｆ 1 1 6.49185309633
坑蒙 1 1 6.49185309633
FallenCity 1 1 6.49185309633
北京军区 2 1 6.49185309633
汽车贷款 1 1 6.49185309633
韩流 1 1 6.49185309633
店主 1 1 6.49185309633
人才需求 2 1 6.49185309633
播放器 1 1 6.49185309633
两万元 3 1 6.49185309633
同步 1 1 6.49185309633
松弛 1 1 6.49185309633
起跳 1 1 6.49185309633
贫困地区 1 1 6.49185309633
控制面板 1 1 6.49185309633
真品 2 1 6.49185309633
开学 1 1 6.49185309633
彦 1 1 6.49185309633
作好 5 1 6.49185309633
首都 1 1 6.49185309633
品味 1 1 6.49185309633
新德里 1 1 6.49185309633
有赖于 1 1 6.49185309633
景程 1 1 6.49185309633
弗格森 1 1 6.49185309633
多片 2 1 6.49185309633
庙会 2 1 6.49185309633
沉重 1 1 6.49185309633
MP3 3 1 6.49185309633
别有用心 1 1 6.49185309633
骏捷 1 1 6.49185309633
折 1 1 6.49185309633
精华 1 1 6.49185309633
追逐 1 1 6.49185309633
急刹车 1 1 6.49185309633
封于 1 1 6.49185309633
最佳时机 1 1 6.49185309633
选拔赛 1 1 6.49185309633
侵入 1 1 6.49185309633
原油期货 1 1 6.49185309633
异常 1 1 6.49185309633
银川 2 1 6.49185309633
稳健 1 1 6.49185309633
记笔记 1 1 6.49185309633
所选 1 1 6.49185309633
镍 1 1 6.49185309633
油费 1 1 6.49185309633
纽带 1 1 6.49185309633
温饱型 1 1 6.49185309633
一类 1 1 6.49185309633
血丝 1 1 6.49185309633
深海 1 1 6.49185309633
概括 1 1 6.49185309633
月间 1 1 6.49185309633
MPV 1 1 6.49185309633
棋坛 2 1 6.49185309633
王朝 1 1 6.49185309633
脉络 1 1 6.49185309633
读书笔记 1 1 6.49185309633
飞机票 1 1 6.49185309633
斩获 1 1 6.49185309633
递交 1 1 6.49185309633
正好 1 1 6.49185309633
课来 1 1 6.49185309633
考古学 2 1 6.49185309633
犹他州 1 1 6.49185309633
无序 1 1 6.49185309633
width 5 1 6.49185309633
朱塔玛 1 1 6.49185309633
对半开 1 1 6.49185309633
村落 1 1 6.49185309633
失望 1 1 6.49185309633
博览会 1 1 6.49185309633
响 1 1 6.49185309633
成长 1 1 6.49185309633
愿望 1 1 6.49185309633
历史学家 1 1 6.49185309633
那届 1 1 6.49185309633
庭审 1 1 6.49185309633
亿多 1 1 6.49185309633
Researcher 1 1 6.49185309633
中断 1 1 6.49185309633
卫生部门 1 1 6.49185309633
中见 1 1 6.49185309633
154 1 1 6.49185309633
杀手 1 1 6.49185309633
嘀咕 1 1 6.49185309633
大材小用 1 1 6.49185309633
罚球 9 1 6.49185309633
还过得去 1 1 6.49185309633
足量 2 1 6.49185309633
有所作为 1 1 6.49185309633
筹集 1 1 6.49185309633
孰重 1 1 6.49185309633
步幅 1 1 6.49185309633
脚步 1 1 6.49185309633
搭 1 1 6.49185309633
不至于 1 1 6.49185309633
E 1 1 6.49185309633
外扩散 1 1 6.49185309633
科龙德 1 1 6.49185309633
狎 1 1 6.49185309633
戏曲界 1 1 6.49185309633
有名 1 1 6.49185309633
年内 1 1 6.49185309633
监事会 1 1 6.49185309633
段落 1 1 6.49185309633
铢 2 1 6.49185309633
步师 1 1 6.49185309633
军委 1 1 6.49185309633
证明文件 1 1 6.49185309633
标点 1 1 6.49185309633
个人消费 1 1 6.49185309633
张力 1 1 6.49185309633
春运 1 1 6.49185309633
三四 1 1 6.49185309633
反映 1 1 6.49185309633
亏损额 1 1 6.49185309633
保监会 3 1 6.49185309633
上册 1 1 6.49185309633
较远 1 1 6.49185309633
一战 1 1 6.49185309633
面对现实 1 1 6.49185309633
美眉 2 1 6.49185309633
名篇 1 1 6.49185309633
三国 4 1 6.49185309633
微微 1 1 6.49185309633
一对一 1 1 6.49185309633
suspending 1 1 6.49185309633
趁虚而入 1 1 6.49185309633
低限 1 1 6.49185309633
96 1 1 6.49185309633
财产 2 1 6.49185309633
吐出 1 1 6.49185309633
记录 1 1 6.49185309633
侃侃 1 1 6.49185309633
控制措施 1 1 6.49185309633
师职 1 1 6.49185309633
外军 1 1 6.49185309633
LoadWin 2 1 6.49185309633
罚篮 2 1 6.49185309633
有害 1 1 6.49185309633
发展观 19 1 6.49185309633
意大利 1 1 6.49185309633
三九生化 6 1 6.49185309633
民事 6 1 6.49185309633
权衡利弊 1 1 6.49185309633
百余个 1 1 6.49185309633
新景点 1 1 6.49185309633
削弱 1 1 6.49185309633
知识产权 1 1 6.49185309633
匆匆 1 1 6.49185309633
一投 1 1 6.49185309633
步兵 1 1 6.49185309633
涂勇则 1 1 6.49185309633
张冠李戴 1 1 6.49185309633
宋元 1 1 6.49185309633
民乐 1 1 6.49185309633
晚是 1 1 6.49185309633
强压 1 1 6.49185309633
内容摘要 10 1 6.49185309633
打得 1 1 6.49185309633
打过仗 1 1 6.49185309633
交通不便 1 1 6.49185309633
途径 1 1 6.49185309633
一抹 1 1 6.49185309633
入网 1 1 6.49185309633
四轮 1 1 6.49185309633
那句 1 1 6.49185309633
揭幕 1 1 6.49185309633
减轻 1 1 6.49185309633
投身 1 1 6.49185309633
能换 1 1 6.49185309633
双层 1 1 6.49185309633
公安 4 1 6.49185309633
Warner 1 1 6.49185309633
词组 3 1 6.49185309633
外资银行 1 1 6.49185309633
心里有数 1 1 6.49185309633
机密 1 1 6.49185309633
石油大臣 1 1 6.49185309633
澄海 1 1 6.49185309633
大众传播 1 1 6.49185309633
馒头 1 1 6.49185309633
将球 1 1 6.49185309633
捕鲸 2 1 6.49185309633
划 1 1 6.49185309633
又快又好 1 1 6.49185309633
院方 2 1 6.49185309633
民俗 1 1 6.49185309633
自我 1 1 6.49185309633
基层 1 1 6.49185309633
江苏省 1 1 6.49185309633
量井 2 1 6.49185309633
跃 1 1 6.49185309633
忠诚度 1 1 6.49185309633
文化部 1 1 6.49185309633
鞣酸 1 1 6.49185309633
万名 3 1 6.49185309633
八连 1 1 6.49185309633
不如意 1 1 6.49185309633
后母 1 1 6.49185309633
潜艇 1 1 6.49185309633
圆满 1 1 6.49185309633
收录 2 1 6.49185309633
猎食 2 1 6.49185309633
数码产品 1 1 6.49185309633
日化 1 1 6.49185309633
辽沈 1 1 6.49185309633
议程 1 1 6.49185309633
一头雾水 1 1 6.49185309633
水分 1 1 6.49185309633
230 1 1 6.49185309633
平分 1 1 6.49185309633
堡 1 1 6.49185309633
投进 1 1 6.49185309633
批内 1 1 6.49185309633
俗艳 1 1 6.49185309633
这事 1 1 6.49185309633
飞奔 1 1 6.49185309633
太太 2 1 6.49185309633
狼堡 5 1 6.49185309633
评议 1 1 6.49185309633
三场 2 1 6.49185309633
英语专业 2 1 6.49185309633
渐进 1 1 6.49185309633
NCV 2 1 6.49185309633
审慎 1 1 6.49185309633
好评 1 1 6.49185309633
青 1 1 6.49185309633
之法 1 1 6.49185309633
总有 1 1 6.49185309633
0090 1 1 6.49185309633
本领 1 1 6.49185309633
言 1 1 6.49185309633
散步 1 1 6.49185309633
095 1 1 6.49185309633
太嫩 1 1 6.49185309633
星级饭店 1 1 6.49185309633
同机 1 1 6.49185309633
异口同声 1 1 6.49185309633
拚搏 1 1 6.49185309633
鲜明形象 1 1 6.49185309633
互相理解 1 1 6.49185309633
13.76 1 1 6.49185309633
埃弗顿 9 1 6.49185309633
上去 1 1 6.49185309633
自愈 1 1 6.49185309633
一技之长 1 1 6.49185309633
前额 1 1 6.49185309633
值 1 1 6.49185309633
各界 2 1 6.49185309633
夺杯 1 1 6.49185309633
5.52 1 1 6.49185309633
冷漠 1 1 6.49185309633
崇尚 2 1 6.49185309633
小院 1 1 6.49185309633
勇担 1 1 6.49185309633
民族团结 1 1 6.49185309633
有助于 2 1 6.49185309633
张开 1 1 6.49185309633
上司 6 1 6.49185309633
多级 1 1 6.49185309633
玩法 1 1 6.49185309633
24.1 1 1 6.49185309633
24.3 1 1 6.49185309633
既保证 1 1 6.49185309633
交流中心 1 1 6.49185309633
战舰 1 1 6.49185309633
28.52 1 1 6.49185309633
用餐 1 1 6.49185309633
动辄 1 1 6.49185309633
改扩建 1 1 6.49185309633
不太大 1 1 6.49185309633
已近 1 1 6.49185309633
一等功 1 1 6.49185309633
放纵 1 1 6.49185309633
高档轿车 1 1 6.49185309633
P2P 1 1 6.49185309633
条件反射 1 1 6.49185309633
接收 1 1 6.49185309633
原产地 1 1 6.49185309633
非标 1 1 6.49185309633
著作 1 1 6.49185309633
791 1 1 6.49185309633
侵略者 1 1 6.49185309633
大不了 1 1 6.49185309633
三周 1 1 6.49185309633
睡姿 1 1 6.49185309633
充电 1 1 6.49185309633
而定 1 1 6.49185309633
畅销 1 1 6.49185309633
外包 1 1 6.49185309633
声称 1 1 6.49185309633
瞄着 1 1 6.49185309633
精兵 1 1 6.49185309633
锤炼 1 1 6.49185309633
传达 1 1 6.49185309633
上千 1 1 6.49185309633
务工人员 1 1 6.49185309633
音乐文件 1 1 6.49185309633
极度 1 1 6.49185309633
已达 1 1 6.49185309633
传输 2 1 6.49185309633
役 1 1 6.49185309633
古塔 1 1 6.49185309633
网络空间 1 1 6.49185309633
局促 1 1 6.49185309633
效益 1 1 6.49185309633
一座座 1 1 6.49185309633
倒 1 1 6.49185309633
牢记 1 1 6.49185309633
辉煌 1 1 6.49185309633
滞后 1 1 6.49185309633
排班 1 1 6.49185309633
八荣八耻 1 1 6.49185309633
营收 1 1 6.49185309633
open 1 1 6.49185309633
反攻 1 1 6.49185309633
最高级 1 1 6.49185309633
日元 5 1 6.49185309633
印度工业联合会 1 1 6.49185309633
百万年 1 1 6.49185309633
显露出 1 1 6.49185309633
势头 1 1 6.49185309633
市郊 1 1 6.49185309633
滑坡 1 1 6.49185309633
巴特尔 1 1 6.49185309633
畔 1 1 6.49185309633
亚尔 1 1 6.49185309633
冬夜 1 1 6.49185309633
授课 2 1 6.49185309633
被判 2 1 6.49185309633
太行 1 1 6.49185309633
遍及 1 1 6.49185309633
英国海军 1 1 6.49185309633
密度 2 1 6.49185309633
D900 1 1 6.49185309633
百 1 1 6.49185309633
今年年初 1 1 6.49185309633
全取 1 1 6.49185309633
炼油 1 1 6.49185309633
二等功 1 1 6.49185309633
三九集团 1 1 6.49185309633
京报 2 1 6.49185309633
容不得 1 1 6.49185309633
折扣 1 1 6.49185309633
付费 1 1 6.49185309633
Half 1 1 6.49185309633
5800 1 1 6.49185309633
租借 1 1 6.49185309633
江苏舜天 1 1 6.49185309633
增压器 2 1 6.49185309633
突增 1 1 6.49185309633
技术性 1 1 6.49185309633
放进来 1 1 6.49185309633
批发 1 1 6.49185309633
不莱梅 1 1 6.49185309633
旗云 3 1 6.49185309633
万灵药 1 1 6.49185309633
悠闲 1 1 6.49185309633
Ｂ 1 1 6.49185309633
中等职业 5 1 6.49185309633
半夜三更 1 1 6.49185309633
常说 1 1 6.49185309633
大于 1 1 6.49185309633
大事 1 1 6.49185309633
A516 3 1 6.49185309633
多面手 1 1 6.49185309633
小费 1 1 6.49185309633
一晚 1 1 6.49185309633
红红火火 1 1 6.49185309633
有待 1 1 6.49185309633
休斯 6 1 6.49185309633
场位 9 1 6.49185309633
安稳 2 1 6.49185309633
打字 1 1 6.49185309633
追高 1 1 6.49185309633
年度报告 1 1 6.49185309633
通县 1 1 6.49185309633
逆向 2 1 6.49185309633
外商 1 1 6.49185309633
供应 1 1 6.49185309633
指导方针 2 1 6.49185309633
空白 1 1 6.49185309633
激发 2 1 6.49185309633
寄给 1 1 6.49185309633
至极 1 1 6.49185309633
基本一致 1 1 6.49185309633
大专 1 1 6.49185309633
春回大地 2 1 6.49185309633
宽敞 1 1 6.49185309633
古币 2 1 6.49185309633
张姓 1 1 6.49185309633
配餐 1 1 6.49185309633
招来 1 1 6.49185309633
并存 1 1 6.49185309633
Quad 1 1 6.49185309633
盲目 2 1 6.49185309633
Debora 1 1 6.49185309633
大三 3 1 6.49185309633
中规中矩 2 1 6.49185309633
求井深 1 1 6.49185309633
沐浴 1 1 6.49185309633
癌症 4 1 6.49185309633
超薄 3 1 6.49185309633
屋 1 1 6.49185309633
样本 1 1 6.49185309633
捍卫 1 1 6.49185309633
山泉 2 1 6.49185309633
为时尚早 1 1 6.49185309633
YeePay 1 1 6.49185309633
升至 1 1 6.49185309633
内蒙古 1 1 6.49185309633
行销 1 1 6.49185309633
拙劣 1 1 6.49185309633
扭矩 1 1 6.49185309633
一曲 1 1 6.49185309633
纳斯 19 1 6.49185309633
研友 1 1 6.49185309633
开出 1 1 6.49185309633
尊荣 1 1 6.49185309633
被告 3 1 6.49185309633
驻点 1 1 6.49185309633
响个 1 1 6.49185309633
生长发育 1 1 6.49185309633
人事主管 1 1 6.49185309633
一期 1 1 6.49185309633
日均 1 1 6.49185309633
五十万 1 1 6.49185309633
空防 1 1 6.49185309633
再也 1 1 6.49185309633
逾 1 1 6.49185309633
列装 3 1 6.49185309633
社会性 1 1 6.49185309633
暗流 1 1 6.49185309633
330300 1 1 6.49185309633
市场监管 1 1 6.49185309633
庆祝 1 1 6.49185309633
好车 1 1 6.49185309633
笔记 6 1 6.49185309633
有序 1 1 6.49185309633
腿部 1 1 6.49185309633
罗林斯 1 1 6.49185309633
升职 2 1 6.49185309633
指导书 1 1 6.49185309633
做工 1 1 6.49185309633
挡位 2 1 6.49185309633
此人 1 1 6.49185309633
空 1 1 6.49185309633
二十世纪 1 1 6.49185309633
站不住脚 1 1 6.49185309633
音频 1 1 6.49185309633
汽油 1 1 6.49185309633
疏松 1 1 6.49185309633
章田 1 1 6.49185309633
导入 1 1 6.49185309633
古钱币 3 1 6.49185309633
一枚 1 1 6.49185309633
三星公司 3 1 6.49185309633
一枝 1 1 6.49185309633
大众 5 1 6.49185309633
曼联 3 1 6.49185309633
顾虑 1 1 6.49185309633
电讯 3 1 6.49185309633
巧遇 1 1 6.49185309633
收官 1 1 6.49185309633
慰问 1 1 6.49185309633
大使 1 1 6.49185309633
请问 1 1 6.49185309633
太好了 1 1 6.49185309633
首波 1 1 6.49185309633
不装个 1 1 6.49185309633
世钧 2 1 6.49185309633
焦急 2 1 6.49185309633
周代 1 1 6.49185309633
棋局 1 1 6.49185309633
会议厅 1 1 6.49185309633
西街 2 1 6.49185309633
昌平区 1 1 6.49185309633
希尔顿 1 1 6.49185309633
列表 1 1 6.49185309633
激励 1 1 6.49185309633
上周 1 1 6.49185309633
熊言春 1 1 6.49185309633
216 1 1 6.49185309633
倚重 1 1 6.49185309633
史无前例 1 1 6.49185309633
外国名著 1 1 6.49185309633
劳损 1 1 6.49185309633
小车 1 1 6.49185309633
选拔 1 1 6.49185309633
微妙 1 1 6.49185309633
败 1 1 6.49185309633
气质 1 1 6.49185309633
迄今为止 1 1 6.49185309633
昨晚 1 1 6.49185309633
招时 1 1 6.49185309633
拥护者 1 1 6.49185309633
放鞭炮 1 1 6.49185309633
密谋 1 1 6.49185309633
投行 1 1 6.49185309633
盘点 1 1 6.49185309633
干满 1 1 6.49185309633
动词 6 1 6.49185309633
反思 1 1 6.49185309633
鲜肉 1 1 6.49185309633
适应能力 1 1 6.49185309633
管理信息系统 1 1 6.49185309633
打好 1 1 6.49185309633
一摊 1 1 6.49185309633
非法 2 1 6.49185309633
神经 1 1 6.49185309633
会心 1 1 6.49185309633
太庙 1 1 6.49185309633
动力系统 1 1 6.49185309633
部经 1 1 6.49185309633
低速 1 1 6.49185309633
异国 1 1 6.49185309633
雷吉纳队 1 1 6.49185309633
责难 1 1 6.49185309633
6.66 1 1 6.49185309633
气温 1 1 6.49185309633
邵长良 1 1 6.49185309633
太平 1 1 6.49185309633
大庆油田 1 1 6.49185309633
严人 1 1 6.49185309633
韩日 1 1 6.49185309633
只管 1 1 6.49185309633
引人注目 1 1 6.49185309633
万台 1 1 6.49185309633
修固 1 1 6.49185309633
复出 1 1 6.49185309633
机工 1 1 6.49185309633
Expanded 1 1 6.49185309633
副局长 1 1 6.49185309633
别队 1 1 6.49185309633
个性化 2 1 6.49185309633
酩酊大醉 1 1 6.49185309633
变换 1 1 6.49185309633
已设 1 1 6.49185309633
肇庆市 1 1 6.49185309633
座谈会 1 1 6.49185309633
沉着应战 1 1 6.49185309633
纯粹 1 1 6.49185309633
卫生系统 1 1 6.49185309633
市长 1 1 6.49185309633
避 1 1 6.49185309633
No 1 1 6.49185309633
含量 1 1 6.49185309633
易趣 2 1 6.49185309633
宗春山 1 1 6.49185309633
演兵场 4 1 6.49185309633
险胜 2 1 6.49185309633
五星红旗 2 1 6.49185309633
NV 2 1 6.49185309633
仁 1 1 6.49185309633
受领 1 1 6.49185309633
慢性感染 1 1 6.49185309633
审查 1 1 6.49185309633
灵活性 2 1 6.49185309633
奇瑞 17 1 6.49185309633
明知 1 1 6.49185309633
新名词 1 1 6.49185309633
with 2 1 6.49185309633
出炉 1 1 6.49185309633
负有责任 1 1 6.49185309633
国防建设 3 1 6.49185309633
各种各样 1 1 6.49185309633
要用 1 1 6.49185309633
向外 1 1 6.49185309633
文转理 1 1 6.49185309633
朗诵 2 1 6.49185309633
县 1 1 6.49185309633
CocaCash 1 1 6.49185309633
约定 2 1 6.49185309633
ah 2 1 6.49185309633
风情万种 1 1 6.49185309633
疏散 1 1 6.49185309633
代言人 1 1 6.49185309633
削减 1 1 6.49185309633
差距 1 1 6.49185309633
aw 2 1 6.49185309633
吴清源 1 1 6.49185309633
厚古薄今 1 1 6.49185309633
金像奖 1 1 6.49185309633
七十年代 1 1 6.49185309633
随之 1 1 6.49185309633
消失 1 1 6.49185309633
非典型 1 1 6.49185309633
换成 1 1 6.49185309633
QDR 1 1 6.49185309633
一旁 1 1 6.49185309633
惊 1 1 6.49185309633
精彩 1 1 6.49185309633
陆海空 1 1 6.49185309633
眼皮底下 1 1 6.49185309633
稍有不慎 1 1 6.49185309633
泽斯 1 1 6.49185309633
道琼斯 2 1 6.49185309633
唐惠颖 1 1 6.49185309633
增设 1 1 6.49185309633
压下 1 1 6.49185309633
卢浮宫 2 1 6.49185309633
近距离 1 1 6.49185309633
唐锐涛 2 1 6.49185309633
副会长 1 1 6.49185309633
测距 1 1 6.49185309633
厮守 2 1 6.49185309633
康健 1 1 6.49185309633
征求 1 1 6.49185309633
旁征博引 1 1 6.49185309633
7.12 1 1 6.49185309633
大势 1 1 6.49185309633
只收 1 1 6.49185309633
好几位 1 1 6.49185309633
爱好者 1 1 6.49185309633
串通 1 1 6.49185309633
TheLeader 1 1 6.49185309633
大加 1 1 6.49185309633
视距 1 1 6.49185309633
电气设备 1 1 6.49185309633
罚球线 1 1 6.49185309633
第四任 1 1 6.49185309633
大力 1 1 6.49185309633
投降 1 1 6.49185309633
病房 1 1 6.49185309633
th 1 1 6.49185309633
两后 1 1 6.49185309633
补助 1 1 6.49185309633
汽车兵 1 1 6.49185309633
汉科 1 1 6.49185309633
单间 1 1 6.49185309633
大不一样 1 1 6.49185309633
进功 1 1 6.49185309633
亿个 1 1 6.49185309633
生活习惯 1 1 6.49185309633
三人 1 1 6.49185309633
根植 1 1 6.49185309633
心平气和 1 1 6.49185309633
弃暗投明 1 1 6.49185309633
远航 1 1 6.49185309633
佳绩 1 1 6.49185309633
信息反馈 1 1 6.49185309633
一空 1 1 6.49185309633
装饰 1 1 6.49185309633
钻入 1 1 6.49185309633
195 1 1 6.49185309633
标准化 1 1 6.49185309633
富士 2 1 6.49185309633
清静 2 1 6.49185309633
省略 1 1 6.49185309633
近一年来 1 1 6.49185309633
高标准 1 1 6.49185309633
十分困难 1 1 6.49185309633
大刀 1 1 6.49185309633
营养型 1 1 6.49185309633
赢来 1 1 6.49185309633
唐导 2 1 6.49185309633
没兵 1 1 6.49185309633
陈老 1 1 6.49185309633
司机 19 1 6.49185309633
赔付 4 1 6.49185309633
状告 1 1 6.49185309633
几分钟 1 1 6.49185309633
住进 1 1 6.49185309633
维 1 1 6.49185309633
武汉 1 1 6.49185309633
法国人 1 1 6.49185309633
沃达丰公司 1 1 6.49185309633
王尤文 1 1 6.49185309633
趁热打铁 1 1 6.49185309633
高速公路 1 1 6.49185309633
喝牛奶 6 1 6.49185309633
钙 4 1 6.49185309633
裁缝 1 1 6.49185309633
演艺界 1 1 6.49185309633
股 1 1 6.49185309633
折磨 1 1 6.49185309633
要止 1 1 6.49185309633
2200 1 1 6.49185309633
探低 1 1 6.49185309633
作主 1 1 6.49185309633
金币 1 1 6.49185309633
徐奉洙 1 1 6.49185309633
大厅 1 1 6.49185309633
帕拉 1 1 6.49185309633
分辨 1 1 6.49185309633
毅然 1 1 6.49185309633
研一 1 1 6.49185309633
星仔 2 1 6.49185309633
骨质增生 1 1 6.49185309633
穿甲弹 1 1 6.49185309633
旅游节 1 1 6.49185309633
神秘感 1 1 6.49185309633
同类 1 1 6.49185309633
行政处罚 3 1 6.49185309633
月色 1 1 6.49185309633
主持人 1 1 6.49185309633
印度洋 1 1 6.49185309633
充满 1 1 6.49185309633
柿子 1 1 6.49185309633
多方 1 1 6.49185309633
着眼于 2 1 6.49185309633
求医 1 1 6.49185309633
纵横驰骋 1 1 6.49185309633
消化吸收 1 1 6.49185309633
领 1 1 6.49185309633
交警 5 1 6.49185309633
开发区 1 1 6.49185309633
迫于 1 1 6.49185309633
九位 2 1 6.49185309633
三位 1 1 6.49185309633
尤文图斯 1 1 6.49185309633
这回 1 1 6.49185309633
不降反升 1 1 6.49185309633
日日夜夜 1 1 6.49185309633
山西省 1 1 6.49185309633
涨 3 1 6.49185309633
最浅 1 1 6.49185309633
东端 1 1 6.49185309633
路透社 1 1 6.49185309633
狂 1 1 6.49185309633
通上 1 1 6.49185309633
纳伊米 4 1 6.49185309633
指挥官 1 1 6.49185309633
观察员 1 1 6.49185309633
管好 1 1 6.49185309633
艾瑞 2 1 6.49185309633
与众不同 1 1 6.49185309633
认真听讲 1 1 6.49185309633
参与度 3 1 6.49185309633
包夹 2 1 6.49185309633
块钱 1 1 6.49185309633
多收 1 1 6.49185309633
大半 1 1 6.49185309633
1300 2 1 6.49185309633
加工 3 1 6.49185309633
最有 1 1 6.49185309633
Maedel 1 1 6.49185309633
胯下 1 1 6.49185309633
肝炎 1 1 6.49185309633
苏州 1 1 6.49185309633
用来 1 1 6.49185309633
内置 2 1 6.49185309633
车窗 2 1 6.49185309633
购药 1 1 6.49185309633
55R16 1 1 6.49185309633
纳 1 1 6.49185309633
佐证 1 1 6.49185309633
当球 1 1 6.49185309633
加州 1 1 6.49185309633
吓阻 1 1 6.49185309633
狠狠 1 1 6.49185309633
登台 1 1 6.49185309633
Michael 4 1 6.49185309633
王玲 1 1 6.49185309633
仪器 1 1 6.49185309633
行记 1 1 6.49185309633
卖 2 1 6.49185309633
诈欺 1 1 6.49185309633
阵阵 1 1 6.49185309633
车站 1 1 6.49185309633
经理人 3 1 6.49185309633
培训班 3 1 6.49185309633
不体面 1 1 6.49185309633
军马 1 1 6.49185309633
满天飞 1 1 6.49185309633
菜鸟 2 1 6.49185309633
NGN 1 1 6.49185309633
愿干 1 1 6.49185309633
与日俱增 1 1 6.49185309633
电子信箱 1 1 6.49185309633
男青年 1 1 6.49185309633
全股 1 1 6.49185309633
烹制 1 1 6.49185309633
随叫随到 1 1 6.49185309633
逼真 2 1 6.49185309633
血清素 2 1 6.49185309633
多处 1 1 6.49185309633
Report 1 1 6.49185309633
谁又能 1 1 6.49185309633
男性 1 1 6.49185309633
兴军 1 1 6.49185309633
全能 1 1 6.49185309633
庭上 1 1 6.49185309633
研究部署 1 1 6.49185309633
走单骑 1 1 6.49185309633
现实生活 1 1 6.49185309633
锈迹 1 1 6.49185309633
颅骨 1 1 6.49185309633
几句话 1 1 6.49185309633
身临其境 1 1 6.49185309633
下岗工人 1 1 6.49185309633
六 1 1 6.49185309633
普利司通 1 1 6.49185309633
锻炼身体 1 1 6.49185309633
应届 7 1 6.49185309633
白净 1 1 6.49185309633
自私 1 1 6.49185309633
三峡大坝 1 1 6.49185309633
推诿 2 1 6.49185309633
吃惊 1 1 6.49185309633
库夫曼 2 1 6.49185309633
6.02 1 1 6.49185309633
燃料 1 1 6.49185309633
开业 1 1 6.49185309633
续约 2 1 6.49185309633
60R15 1 1 6.49185309633
开个 1 1 6.49185309633
进出 1 1 6.49185309633
关键词 1 1 6.49185309633
求全 1 1 6.49185309633
粤菜 4 1 6.49185309633
0065 1 1 6.49185309633
无人认领 1 1 6.49185309633
董事会 2 1 6.49185309633
肇庆 5 1 6.49185309633
多枚 1 1 6.49185309633
旅游区 1 1 6.49185309633
在析句 1 1 6.49185309633
洲 1 1 6.49185309633
转化成 1 1 6.49185309633
安放 1 1 6.49185309633
喜人 1 1 6.49185309633
更是如此 1 1 6.49185309633
费多 19 1 6.49185309633
万个 3 1 6.49185309633
湾 1 1 6.49185309633
少数 1 1 6.49185309633
慢性 3 1 6.49185309633
埃及 14 1 6.49185309633
存储器 1 1 6.49185309633
说白了 2 1 6.49185309633
该课 1 1 6.49185309633
吴辰君 1 1 6.49185309633
铁栅栏 2 1 6.49185309633
该词 1 1 6.49185309633
严厉 2 1 6.49185309633
口腔科 1 1 6.49185309633
人不考 1 1 6.49185309633
巡航速度 1 1 6.49185309633
王牌 2 1 6.49185309633
大兴 1 1 6.49185309633
蝙蝠侠 1 1 6.49185309633
相关联 1 1 6.49185309633
迹象 1 1 6.49185309633
兑换 1 1 6.49185309633
从里到外 1 1 6.49185309633
资金不足 1 1 6.49185309633
顾头不顾尾 1 1 6.49185309633
姜 1 1 6.49185309633
大全 1 1 6.49185309633
首都国际机场 1 1 6.49185309633
凯尔特人 1 1 6.49185309633
便秘 1 1 6.49185309633
即兴 1 1 6.49185309633
军民团结 1 1 6.49185309633
重头戏 1 1 6.49185309633
祝鸿才 3 1 6.49185309633
马达 1 1 6.49185309633
段志敏 1 1 6.49185309633
泽汉 1 1 6.49185309633
爱犬 1 1 6.49185309633
部颁标准 1 1 6.49185309633
多情 1 1 6.49185309633
黑车 41 1 6.49185309633
岛 1 1 6.49185309633
场地 1 1 6.49185309633
数月 1 1 6.49185309633
其练 1 1 6.49185309633
逾期 2 1 6.49185309633
小镇 1 1 6.49185309633
全程参加 1 1 6.49185309633
加拿大 1 1 6.49185309633
治 1 1 6.49185309633
排尿 1 1 6.49185309633
祖父 1 1 6.49185309633
近海 1 1 6.49185309633
杜伊斯 1 1 6.49185309633
断掉 1 1 6.49185309633
代表处 1 1 6.49185309633
国门 1 1 6.49185309633
唐彬 1 1 6.49185309633
演员 1 1 6.49185309633
词才 1 1 6.49185309633
表 1 1 6.49185309633
大四 2 1 6.49185309633
更何况 1 1 6.49185309633
就业机会 1 1 6.49185309633
事业心 1 1 6.49185309633
追 1 1 6.49185309633
她俩 1 1 6.49185309633
319 1 1 6.49185309633
好戏连台 1 1 6.49185309633
McWILL 1 1 6.49185309633
310 1 1 6.49185309633
陆一波 1 1 6.49185309633
一模一样 1 1 6.49185309633
极地馆 1 1 6.49185309633
前一天 1 1 6.49185309633
狩猎场 1 1 6.49185309633
梨 1 1 6.49185309633
摆出 1 1 6.49185309633
这句 1 1 6.49185309633
独具 1 1 6.49185309633
坐镇 1 1 6.49185309633
快速增长 1 1 6.49185309633
点子 1 1 6.49185309633
一纸 1 1 6.49185309633
Server 1 1 6.49185309633
保障系统 1 1 6.49185309633
股骨头 7 1 6.49185309633
保险费用 1 1 6.49185309633
民初 1 1 6.49185309633
旅团 1 1 6.49185309633
1.66 1 1 6.49185309633
金寅 4 1 6.49185309633
济南市 1 1 6.49185309633
雄厚 1 1 6.49185309633
名望 1 1 6.49185309633
蓬勃 1 1 6.49185309633
挚友 1 1 6.49185309633
压哨 2 1 6.49185309633
哈尔滨 5 1 6.49185309633
振保 11 1 6.49185309633
幕僚长 1 1 6.49185309633
饮食结构 1 1 6.49185309633
进城 2 1 6.49185309633
黑龙江 1 1 6.49185309633
博士生 2 1 6.49185309633
天弓 4 1 6.49185309633
协调性 1 1 6.49185309633
千款 1 1 6.49185309633
品 2 1 6.49185309633
解放日报 1 1 6.49185309633
多媒体 1 1 6.49185309633
损失赔偿 2 1 6.49185309633
受伤 1 1 6.49185309633
西部 2 1 6.49185309633
绝 1 1 6.49185309633
沉船 1 1 6.49185309633
有意思 1 1 6.49185309633
指头 1 1 6.49185309633
荤 1 1 6.49185309633
独大而 1 1 6.49185309633
率达 1 1 6.49185309633
经济效益 1 1 6.49185309633
黄涛 1 1 6.49185309633
先知 1 1 6.49185309633
注视 1 1 6.49185309633
发育 2 1 6.49185309633
畅通 1 1 6.49185309633
若因 1 1 6.49185309633
压缩比 2 1 6.49185309633
水下 1 1 6.49185309633
34 4 1 6.49185309633
计算机网络 1 1 6.49185309633
强于 1 1 6.49185309633
入手 1 1 6.49185309633
友朋 1 1 6.49185309633
费心 1 1 6.49185309633
窗户纸 1 1 6.49185309633
为宜 2 1 6.49185309633
4590 1 1 6.49185309633
阿片 2 1 6.49185309633
口腔 5 1 6.49185309633
微量元素 1 1 6.49185309633
普吉 1 1 6.49185309633
采摘 1 1 6.49185309633
实弹射击 1 1 6.49185309633
根治 2 1 6.49185309633
珍珠泉 1 1 6.49185309633
高速行驶 3 1 6.49185309633
言语 1 1 6.49185309633
最想 1 1 6.49185309633
水乡 1 1 6.49185309633
先进 2 1 6.49185309633
巴勒莫 1 1 6.49185309633
较量 1 1 6.49185309633
男高音 2 1 6.49185309633
房间 1 1 6.49185309633
内答 1 1 6.49185309633
看好 2 1 6.49185309633
全营 1 1 6.49185309633
中老年 2 1 6.49185309633
训诫 1 1 6.49185309633
location 1 1 6.49185309633
76.9 1 1 6.49185309633
余绳 4 1 6.49185309633
On 1 1 6.49185309633
竞赛 1 1 6.49185309633
卡利亚 1 1 6.49185309633
币种 1 1 6.49185309633
蛋 1 1 6.49185309633
言行 1 1 6.49185309633
东森 2 1 6.49185309633
长短 1 1 6.49185309633
告上 1 1 6.49185309633
葛庆笑 1 1 6.49185309633
党 1 1 6.49185309633
便会 1 1 6.49185309633
耳闻目睹 1 1 6.49185309633
售书 1 1 6.49185309633
同等 1 1 6.49185309633
修为 1 1 6.49185309633
榜样 1 1 6.49185309633
陶醉 1 1 6.49185309633
风云 2 1 6.49185309633
罚时 1 1 6.49185309633
六项 1 1 6.49185309633
新药 2 1 6.49185309633
Finger 1 1 6.49185309633
旅和 1 1 6.49185309633
紧迫感 1 1 6.49185309633
登场 1 1 6.49185309633
皮球 1 1 6.49185309633
多所 1 1 6.49185309633
一粒 1 1 6.49185309633
许博 2 1 6.49185309633
坚持到底 5 1 6.49185309633
之王 1 1 6.49185309633
羟考 1 1 6.49185309633
四十年代 1 1 6.49185309633
明清 1 1 6.49185309633
月薪 1 1 6.49185309633
义 1 1 6.49185309633
7734 1 1 6.49185309633
幻影 1 1 6.49185309633
索性 1 1 6.49185309633
更替 1 1 6.49185309633
挂牌 1 1 6.49185309633
细则 1 1 6.49185309633
etsenga 1 1 6.49185309633
中频 1 1 6.49185309633
气门 1 1 6.49185309633
北京师范大学 1 1 6.49185309633
犯罪 1 1 6.49185309633
招待会 2 1 6.49185309633
混凝土 1 1 6.49185309633
胶着状态 1 1 6.49185309633
24.68 1 1 6.49185309633
占用 1 1 6.49185309633
该车 1 1 6.49185309633
其队 1 1 6.49185309633
打官司 1 1 6.49185309633
复习方法 1 1 6.49185309633
听不懂 1 1 6.49185309633
培育 1 1 6.49185309633
场合 1 1 6.49185309633
医药产业 2 1 6.49185309633
星期天 2 1 6.49185309633
各校 1 1 6.49185309633
周后 1 1 6.49185309633
组合 2 1 6.49185309633
长相 2 1 6.49185309633
亿人次 1 1 6.49185309633
外岛会 1 1 6.49185309633
全球性 1 1 6.49185309633
在校生 1 1 6.49185309633
移风易俗 1 1 6.49185309633
大有裨益 1 1 6.49185309633
交足 1 1 6.49185309633
合资 1 1 6.49185309633
鹰派 1 1 6.49185309633
上任 2 1 6.49185309633
线外 1 1 6.49185309633
无从 1 1 6.49185309633
失眠 11 1 6.49185309633
连正 1 1 6.49185309633
一段话 1 1 6.49185309633
鸣天 1 1 6.49185309633
广场 5 1 6.49185309633
汪强 1 1 6.49185309633
国防 9 1 6.49185309633
无线电台 2 1 6.49185309633
美梦 1 1 6.49185309633
天皇巨星 1 1 6.49185309633
静坐 1 1 6.49185309633
骑士 1 1 6.49185309633
无一 1 1 6.49185309633
东北亚地区 1 1 6.49185309633
puzzling 2 1 6.49185309633
高峰论坛 2 1 6.49185309633
杳然 1 1 6.49185309633
五位一体 1 1 6.49185309633
方向盘 1 1 6.49185309633
打响 1 1 6.49185309633
磊 1 1 6.49185309633
升高 1 1 6.49185309633
传播方式 1 1 6.49185309633
主张 1 1 6.49185309633
红花 1 1 6.49185309633
变 1 1 6.49185309633
伤残 3 1 6.49185309633
资质 3 1 6.49185309633
只招 1 1 6.49185309633
伊斯兰教 1 1 6.49185309633
独到 2 1 6.49185309633
摆动 2 1 6.49185309633
学等 1 1 6.49185309633
西 1 1 6.49185309633
题及 1 1 6.49185309633
天到 1 1 6.49185309633
岸射型 1 1 6.49185309633
实录 3 1 6.49185309633
刹车 1 1 6.49185309633
枕 1 1 6.49185309633
求婚 1 1 6.49185309633
欢 1 1 6.49185309633
中院 2 1 6.49185309633
维修 1 1 6.49185309633
粮油 1 1 6.49185309633
嘴 2 1 6.49185309633
中美关系 2 1 6.49185309633
回归 2 1 6.49185309633
收买 1 1 6.49185309633
受到冲击 1 1 6.49185309633
刷新 1 1 6.49185309633
入学考试 1 1 6.49185309633
着重 1 1 6.49185309633
写法 3 1 6.49185309633
实弹 3 1 6.49185309633
金坛 1 1 6.49185309633
年丰 1 1 6.49185309633
人脑 1 1 6.49185309633
初始密码 1 1 6.49185309633
推介 2 1 6.49185309633
tru 1 1 6.49185309633
590 1 1 6.49185309633
超量 1 1 6.49185309633
奥兰多 1 1 6.49185309633
庄 1 1 6.49185309633
华章 1 1 6.49185309633
协管 1 1 6.49185309633
五是 1 1 6.49185309633
中国工程院 1 1 6.49185309633
埃菲尔铁塔 2 1 6.49185309633
体育赛事 1 1 6.49185309633
强弱 1 1 6.49185309633
罚款 2 1 6.49185309633
翻译成 1 1 6.49185309633
及摩 1 1 6.49185309633
坚挺 1 1 6.49185309633
遵循 1 1 6.49185309633
空无一人 1 1 6.49185309633
华尔街日报 1 1 6.49185309633
该股 1 1 6.49185309633
想像 1 1 6.49185309633
000999 1 1 6.49185309633
配套工程 1 1 6.49185309633
彩民 1 1 6.49185309633
林敏怡 1 1 6.49185309633
磷及 1 1 6.49185309633
实德 2 1 6.49185309633
直 2 1 6.49185309633
年产 1 1 6.49185309633
拼 2 1 6.49185309633
非处方药 1 1 6.49185309633
宴会 1 1 6.49185309633
335 1 1 6.49185309633
334 1 1 6.49185309633
以点带面 1 1 6.49185309633
领导层 1 1 6.49185309633
打个 1 1 6.49185309633
仰视 1 1 6.49185309633
坐卧不安 1 1 6.49185309633
揽客 2 1 6.49185309633
军 2 1 6.49185309633
中非 1 1 6.49185309633
福音 1 1 6.49185309633
大宗 1 1 6.49185309633
王府井 1 1 6.49185309633
准绳 1 1 6.49185309633
反省 2 1 6.49185309633
类固醇 1 1 6.49185309633
刘斌 1 1 6.49185309633
孰轻 1 1 6.49185309633
实干 1 1 6.49185309633
互通 1 1 6.49185309633
刚能 1 1 6.49185309633
煤业 1 1 6.49185309633
叱咤 1 1 6.49185309633
印度教 1 1 6.49185309633
领奖台 1 1 6.49185309633
中医药大学 1 1 6.49185309633
年会 2 1 6.49185309633
中央大街 1 1 6.49185309633
遥控 1 1 6.49185309633
静如 1 1 6.49185309633
超速 1 1 6.49185309633
处罚 3 1 6.49185309633
奇才 1 1 6.49185309633
Pilots 1 1 6.49185309633
处置 1 1 6.49185309633
噪变 1 1 6.49185309633
中多为 1 1 6.49185309633
集散中心 2 1 6.49185309633
零售店 2 1 6.49185309633
演奏 1 1 6.49185309633
伯德 12 1 6.49185309633
1.41 1 1 6.49185309633
中华民族 4 1 6.49185309633
Police 1 1 6.49185309633
第三条 1 1 6.49185309633
哥哥 1 1 6.49185309633
回应 1 1 6.49185309633
胃 3 1 6.49185309633
力劝 1 1 6.49185309633
初 1 1 6.49185309633
足迹 1 1 6.49185309633
道题 2 1 6.49185309633
雷霆万钧 1 1 6.49185309633
回头客 1 1 6.49185309633
味同嚼蜡 1 1 6.49185309633
一环 1 1 6.49185309633
鼓法 1 1 6.49185309633
旅客 1 1 6.49185309633
劲 1 1 6.49185309633
方框图 1 1 6.49185309633
μ 1 1 6.49185309633
地道 1 1 6.49185309633
北师大 2 1 6.49185309633
升 2 1 6.49185309633
五千年 2 1 6.49185309633
石油 4 1 6.49185309633
要排 1 1 6.49185309633
欲裂 1 1 6.49185309633
杭州 3 1 6.49185309633
战斗行动 1 1 6.49185309633
饮用 4 1 6.49185309633
竞争力 2 1 6.49185309633
浣 1 1 6.49185309633
台阶 1 1 6.49185309633
雄伟 1 1 6.49185309633
两千多个 1 1 6.49185309633
打仗 3 1 6.49185309633
One 1 1 6.49185309633
有目共睹 1 1 6.49185309633
长途车 1 1 6.49185309633
丝毫 1 1 6.49185309633
公司总部 1 1 6.49185309633
文明村 2 1 6.49185309633
含蓄 1 1 6.49185309633
手底下 1 1 6.49185309633
指挥系统 1 1 6.49185309633
为名 1 1 6.49185309633
化工 1 1 6.49185309633
汪力 8 1 6.49185309633
说路平 1 1 6.49185309633
吸烟 9 1 6.49185309633
亮点 1 1 6.49185309633
2014 1 1 6.49185309633
2010 2 1 6.49185309633
总人口 1 1 6.49185309633
教练员 1 1 6.49185309633
大声 1 1 6.49185309633
在校 1 1 6.49185309633
另类 1 1 6.49185309633
掌门 1 1 6.49185309633
肖氏 1 1 6.49185309633
独得 1 1 6.49185309633
低落 1 1 6.49185309633
界外球 1 1 6.49185309633
发布公告 1 1 6.49185309633
变短 1 1 6.49185309633
恶语相向 2 1 6.49185309633
渔村 1 1 6.49185309633
秩 2 1 6.49185309633
新车 1 1 6.49185309633
具体方法 1 1 6.49185309633
松 1 1 6.49185309633
发达 1 1 6.49185309633
画面 1 1 6.49185309633
ABC 1 1 6.49185309633
仲裁 1 1 6.49185309633
管制 1 1 6.49185309633
暨 1 1 6.49185309633
改装 1 1 6.49185309633
难名 1 1 6.49185309633
咖啡店 1 1 6.49185309633
气馁 2 1 6.49185309633
出行 2 1 6.49185309633
新近 1 1 6.49185309633
ExpoComm 1 1 6.49185309633
盯准 1 1 6.49185309633
22.83 1 1 6.49185309633
高档商品 1 1 6.49185309633
差额 1 1 6.49185309633
北剑 1 1 6.49185309633
牛 1 1 6.49185309633
充分考虑 1 1 6.49185309633
想不通 1 1 6.49185309633
符合规定 1 1 6.49185309633
股权 4 1 6.49185309633
珍品 2 1 6.49185309633
Point 1 1 6.49185309633
极值 2 1 6.49185309633
重大进展 1 1 6.49185309633
该药 4 1 6.49185309633
简要 1 1 6.49185309633
软件开发 1 1 6.49185309633
这层 1 1 6.49185309633
456 1 1 6.49185309633
难以置信 1 1 6.49185309633
布赫 1 1 6.49185309633
成人教育 1 1 6.49185309633
前要 1 1 6.49185309633
容量 1 1 6.49185309633
较窄 1 1 6.49185309633
Iraq 1 1 6.49185309633
广宁 1 1 6.49185309633
竞聘 1 1 6.49185309633
盘旋 2 1 6.49185309633
为啥 1 1 6.49185309633
甜蜜 1 1 6.49185309633
八十年 1 1 6.49185309633
中锋 1 1 6.49185309633
汪明荃 1 1 6.49185309633
学习室 1 1 6.49185309633
北京故宫博物院 1 1 6.49185309633
在此之前 1 1 6.49185309633
团长 2 1 6.49185309633
第三方 5 1 6.49185309633
混日子 1 1 6.49185309633
ITM 1 1 6.49185309633
陈设 1 1 6.49185309633
大姑 1 1 6.49185309633
轻柔 1 1 6.49185309633
井外 2 1 6.49185309633
推波助澜 1 1 6.49185309633
杜可风 1 1 6.49185309633
美国宇航局 1 1 6.49185309633
前沿阵地 1 1 6.49185309633
托蒂 1 1 6.49185309633
死灰复燃 1 1 6.49185309633
750 1 1 6.49185309633
赔 1 1 6.49185309633
吸收 11 1 6.49185309633
更广地 1 1 6.49185309633
鲜奶 4 1 6.49185309633
16.78 1 1 6.49185309633
说起 1 1 6.49185309633
大多 1 1 6.49185309633
接球 1 1 6.49185309633
中间 1 1 6.49185309633
法国政府 1 1 6.49185309633
当报 1 1 6.49185309633
工艺品 1 1 6.49185309633
熟食 1 1 6.49185309633
格外 1 1 6.49185309633
网关 1 1 6.49185309633
追赶 1 1 6.49185309633
顶尖 1 1 6.49185309633
起遭 1 1 6.49185309633
想取 1 1 6.49185309633
历史纪录 1 1 6.49185309633
响声 1 1 6.49185309633
苦苦 1 1 6.49185309633
跨专业 4 1 6.49185309633
忘 1 1 6.49185309633
基于 1 1 6.49185309633
敷衍 2 1 6.49185309633
白玫瑰 7 1 6.49185309633
趋向 1 1 6.49185309633
无话可说 1 1 6.49185309633
各不相同 1 1 6.49185309633
私有 1 1 6.49185309633
这样的话 1 1 6.49185309633
实力雄厚 1 1 6.49185309633
销售价格 2 1 6.49185309633
坚果 1 1 6.49185309633
拉升 1 1 6.49185309633
香 1 1 6.49185309633
功 1 1 6.49185309633
马林刚 1 1 6.49185309633
eNet 1 1 6.49185309633
饮热 1 1 6.49185309633
旅游展 1 1 6.49185309633
足球运动 1 1 6.49185309633
下定决心 1 1 6.49185309633
后续 1 1 6.49185309633
古代 2 1 6.49185309633
扔 1 1 6.49185309633
倒闭 1 1 6.49185309633
古今 2 1 6.49185309633
凡有 1 1 6.49185309633
排座位 2 1 6.49185309633
亮相 1 1 6.49185309633
进度 3 1 6.49185309633
价 1 1 6.49185309633
聚丙烯 1 1 6.49185309633
受访 1 1 6.49185309633
武警总部 1 1 6.49185309633
棉衣 1 1 6.49185309633
金华 1 1 6.49185309633
于身 1 1 6.49185309633
新旗云 5 1 6.49185309633
强化训练 2 1 6.49185309633
飞驴 1 1 6.49185309633
高额 1 1 6.49185309633
题均 1 1 6.49185309633
升旗仪式 2 1 6.49185309633
是非 1 1 6.49185309633
区县 3 1 6.49185309633
联合作战 1 1 6.49185309633
第三批 1 1 6.49185309633
荣立 1 1 6.49185309633
一拍即合 1 1 6.49185309633
宁波 5 1 6.49185309633
武警部队 3 1 6.49185309633
范畴 1 1 6.49185309633
宰客 2 1 6.49185309633
打败 1 1 6.49185309633
购置税 1 1 6.49185309633
邯郸 1 1 6.49185309633
PK 1 1 6.49185309633
回不去 1 1 6.49185309633
金口 1 1 6.49185309633
潜意识 1 1 6.49185309633
热线电话 1 1 6.49185309633
退一步讲 1 1 6.49185309633
华纳 7 1 6.49185309633
普通高校 1 1 6.49185309633
从师 1 1 6.49185309633
成团 1 1 6.49185309633
滑盖式 1 1 6.49185309633
包含 1 1 6.49185309633
恶意 1 1 6.49185309633
训练大纲 1 1 6.49185309633
事业 1 1 6.49185309633
32.5 1 1 6.49185309633
消费性 1 1 6.49185309633
后脑勺 1 1 6.49185309633
天地 1 1 6.49185309633
全团 1 1 6.49185309633
阎友兵 1 1 6.49185309633
欧冠 3 1 6.49185309633
若干 1 1 6.49185309633
可降解 1 1 6.49185309633
在此期间 1 1 6.49185309633
蓝色 1 1 6.49185309633
跑龙套 1 1 6.49185309633
邓珉 5 1 6.49185309633
防 1 1 6.49185309633
赛拉图 1 1 6.49185309633
所读 1 1 6.49185309633
寻求 1 1 6.49185309633
焦点 1 1 6.49185309633
巡航 1 1 6.49185309633
周年 2 1 6.49185309633
加息 1 1 6.49185309633
脱销 1 1 6.49185309633
X820 2 1 6.49185309633
别以为 1 1 6.49185309633
泡 1 1 6.49185309633
两三名 1 1 6.49185309633
交融 1 1 6.49185309633
脑子里 1 1 6.49185309633
事例 1 1 6.49185309633
难受 1 1 6.49185309633
第二轮 1 1 6.49185309633
发行 1 1 6.49185309633
氨基 1 1 6.49185309633
动脑 1 1 6.49185309633
〉 1 1 6.49185309633
东盟 1 1 6.49185309633
员额 1 1 6.49185309633
差不多 1 1 6.49185309633
高点 1 1 6.49185309633
振奋 1 1 6.49185309633
五挡 2 1 6.49185309633
驾驶者 2 1 6.49185309633
低下头来 1 1 6.49185309633
周边旅游 1 1 6.49185309633
求快 1 1 6.49185309633
后缘 1 1 6.49185309633
挑衅 20 1 6.49185309633
恐慌 1 1 6.49185309633
真传 1 1 6.49185309633
登山 2 1 6.49185309633
雷达站 1 1 6.49185309633
桑塔纳 1 1 6.49185309633
母语 1 1 6.49185309633
股息 1 1 6.49185309633
求得 1 1 6.49185309633
脉搏 1 1 6.49185309633
谈过 1 1 6.49185309633
危机意识 1 1 6.49185309633
黑金 1 1 6.49185309633
移动电话 1 1 6.49185309633
冒险游戏 1 1 6.49185309633
学科知识 1 1 6.49185309633
登塔 1 1 6.49185309633
网址 1 1 6.49185309633
1.29 1 1 6.49185309633
扭曲 1 1 6.49185309633
1.21 1 1 6.49185309633
驻澳门部队 1 1 6.49185309633
少而精 1 1 6.49185309633
徐苹芳 3 1 6.49185309633
定义 1 1 6.49185309633
做事 1 1 6.49185309633
参谋 1 1 6.49185309633
自由 1 1 6.49185309633
点击 6 1 6.49185309633
型号 19 1 6.49185309633
顾问 1 1 6.49185309633
做些 1 1 6.49185309633
llin 1 1 6.49185309633
色拉 1 1 6.49185309633
这套 1 1 6.49185309633
物资供应 1 1 6.49185309633
疲劳 1 1 6.49185309633
七星岩 1 1 6.49185309633
沈足 6 1 6.49185309633
回头 1 1 6.49185309633
赔笑脸 1 1 6.49185309633
慢性肾炎 1 1 6.49185309633
观察家 1 1 6.49185309633
叉 2 1 6.49185309633
版 1 1 6.49185309633
中选 1 1 6.49185309633
军事学术 1 1 6.49185309633
近来 1 1 6.49185309633
商谈 1 1 6.49185309633
投保人 1 1 6.49185309633
做以 1 1 6.49185309633
胜出 1 1 6.49185309633
诱导 5 1 6.49185309633
意德 1 1 6.49185309633
破解 1 1 6.49185309633
所受 1 1 6.49185309633
增高 1 1 6.49185309633
进展 1 1 6.49185309633
书画 1 1 6.49185309633
雷克萨斯 26 1 6.49185309633
发作 1 1 6.49185309633
点共 1 1 6.49185309633
豆及 1 1 6.49185309633
购进 1 1 6.49185309633
4800 1 1 6.49185309633
获准 1 1 6.49185309633
难倒 1 1 6.49185309633
XINHUANET 1 1 6.49185309633
音讯 1 1 6.49185309633
单薄 1 1 6.49185309633
如果说 2 1 6.49185309633
演变成 2 1 6.49185309633
春雨 1 1 6.49185309633
大山 1 1 6.49185309633
贺信 1 1 6.49185309633
明智 1 1 6.49185309633
醒目 2 1 6.49185309633
经济社会 1 1 6.49185309633
爱美 1 1 6.49185309633
中国男篮 1 1 6.49185309633
25.2 1 1 6.49185309633
登录 4 1 6.49185309633
从小 1 1 6.49185309633
迪志 3 1 6.49185309633
发话 1 1 6.49185309633
而后 1 1 6.49185309633
兵 1 1 6.49185309633
小龙 2 1 6.49185309633
大局 1 1 6.49185309633
运营权 1 1 6.49185309633
军费 1 1 6.49185309633
瘦小 1 1 6.49185309633
179.6 1 1 6.49185309633
饼干 1 1 6.49185309633
口语 9 1 6.49185309633
硕士学位 2 1 6.49185309633
胜负彩 3 1 6.49185309633
辞呈 1 1 6.49185309633
军需 1 1 6.49185309633
秦皇汉 1 1 6.49185309633
一生 1 1 6.49185309633
总决赛 2 1 6.49185309633
罚没 1 1 6.49185309633
教学管理 1 1 6.49185309633
破袭 1 1 6.49185309633
没底 1 1 6.49185309633
苍凉 1 1 6.49185309633
教育部 1 1 6.49185309633
鲁昂 1 1 6.49185309633
顾雏军 3 1 6.49185309633
阔步前进 1 1 6.49185309633
纯洁 1 1 6.49185309633
Okuda 1 1 6.49185309633
莫错 1 1 6.49185309633
满 1 1 6.49185309633
红磨坊 2 1 6.49185309633
为先 1 1 6.49185309633
验证 1 1 6.49185309633
商贸 1 1 6.49185309633
多功能厅 2 1 6.49185309633
商贾 1 1 6.49185309633
剩 1 1 6.49185309633
右 2 1 6.49185309633
价值链 1 1 6.49185309633
七种 1 1 6.49185309633
娇蕊 5 1 6.49185309633
万多元 1 1 6.49185309633
石景山 1 1 6.49185309633
险遭 1 1 6.49185309633
